5
3 9 8 7 10 5 1 11  -1
1 2 3 4 0 6 7 8 9 10 11 12 0 0 3 4 5 6 0 -1 1 2 0 4 5 0 7 8 9 10 -1 1 2 3 4 0 6 0 8 9 10 11 12 1 2 3 4 5 -1 0 2 3 0 5 6 -1 
AIJoe
9 1 4  -1
12 -1 11 -1 3 -1 -1 
7 11 5 9 2 10 4 5 11 8 6 11 3 11 11 12 12 1  -1
AIJack
4  -1
-1 12 12 -1 7 4 -1 -1 
7 7 7 9 1 0 5 10 0 9 0 6 3 8 12 11  -1
AIBob
10  -1
12 -1 8 -1 -1 -1 
4 0 1 1 3 7 8 2 8 6  -1
AIJIMMOTHYHUDDSON
8 12  -1
-1 10 -1 -1 12 -1 
5 0 10 8 0 1 6 5 1 6 2 2 5 11 3 10 7 7 12  -1
AIHero
10 9 6 7 6  -1
-1 8 -1 -1 4 -1 
9 0 2 9 0 9 2 10 3 5 4 6 2 11  -1

25
