5
5 11 11 12 5 12 0 12 10 3 9 6 6 0 8 0 7 7 10 3 2 6 10 11 4 8 7 12 9 3 11 2 5 0 8 2 12 7 4 9 11 8 3 6 0 0 1 9 1 4 1 4 5 1 3 10 8 0 6  -1
0 2 3 4 5 -1 1 2 3 4 -1 1 2 3 4 -1 1 0 0 4 5 6 7 8 9 10 -1 
AIJoe
6 8 2  -1
12 -1 11 2 -1 -1 -1 
7 11 5 9 2 10 4 5 11 8 6 11 3  -1
AIJack
12 3 6 10 9  -1
4 -1 12 -1 7 4 -1 10 -1 
7 7 7 9 1 0 5 10 0 9 0 6 3 8  -1
AIBob
 -1
12 12 -1 -1 11 -1 -1 
4 0 1  -1
AIJIMMOTHYHUDDSON
8  -1
12 -1 -1 -1 12 11 -1 
5 0 10 8 0 1 6 5 1 6 2 2 5 11 3 10 7 7  -1
AIHero
 -1
8 10 -1 -1 -1 1 -1 
9 0 2 9 0 9  -1

42
